3085
9795
8306
9984
9101
8086
8002
7751
8058
9432
7730
8196
7520
2300
5918
5989
6930
6357
7314
7468
7938
3178
2408
4502
2117
2411
6156
4653
9842
6796
2662
7452
3030
3163
4304
2764
4659
4295
4837
4666
3763
3079
3620
7974
7956
4661
8136
2371
2702
8515
9983
3179
1379
1414
1606
1835
2053
2124
2127
2128
2151
2154
2155
2164
2169
2174
2175
2183
2193
2196
2198
2311
2326
2329
2353
2372
2374
2412
2413
2419
2432
2438
2440
2445
2449
2659
2668
2670
2678
2685
2730
2735
2749
2769
2782
2784
2791
2792
2802
2882
2914
2918
2925
3001
3064
3098
3123
3154
3169
3170
3228
3244
3246
3258
3268
3274
3275
3360
3361
3376
3627
3632
3633
3634
3639
3652
3654
3655
3657
3660
3665
3715
3765
3770
3773
3778
3811
3828
3834
3835
3843
3848
3859
4005
4100
4114
4183
4201
4204
4217
4271
4290
4298
4318
4326
4327
4340
4452
4521
4527
4530
4540
4543
4658
4779
4809
4825
4901
4924
4926
4929
4967
5009
5018
5201
5214
5232
5233
5268
5269
5344
5758
5938
5947
5988
6051
6052
6054
6058
6059
6060
6061
6062
6140
6164
6301
6330
6370
6482
6594
6617
6626
6664
6674
6676
6709
6753
6758
6834
6869
6870
6901
6954
6957
7148
7164
7203
7260
7297
7312
7453
7466
7467
7516
7577
7581
7605
7606
7618
7635
7646
7716
7774
7775
7777
7818
7825
7826
7874
7947
8036
8113
8119
8127
8167
8191
8227
8267
8270
8283
8304
8308
8337
8424
8439
8566
8586
8593
8706
8771
8772
8876
8914
8931
9058
9062
9082
9201
9313
9381
9384
9386
9436
9438
9449
9658
9684
9787
9824
9843
9856
9946
9989
3661
3355
4956
7856
4775
7235
7264
2931
9728
2267
