2117 日新製糖	MCD マクドナルド	9984 ソフトバンク	
299,400	427,132	632,000	
8058 三菱商事	
993,300	
4502 武田薬	9432 ＮＴＴ	7751 キヤノン	
359,500	372,000	249,500	
8306 三菱ＵＦＪ	
1,098,000	
GRPN グルーポン A	3079 ＤＶｘ	8086 ニプロ	9204 スカイマーク	
129,536	532,800	501,000	155,200	
PG プロクター & ギャンブル	
807,246	
9101 郵船	
552,000	
7730 マニー	3778 さくら	
283,100	452,000	


3085 ＡＬサービス	
389,100	
8196 カスミ	8198 ＭＶ東海	7611 ハイデ日高	2705 大戸屋ＨＤ	7520 エコス	9936 王将フード	2580 コカ　セントラル	
51,900	112,400	128,300	94,700	51,000	193,000	100,800	
9795 ステップ	7974 任天堂	
1,758,000	989,000	

