1301
1332
1334
1352
1376
1377
1378
1379
1380
1381
1382
1383
1400
1401
1405
1407
1408
1413
1414
1416
1417
1418
1419
1420
1491
1514
1515
1518
1605
1606
1661
1662
1701
1702
1710
1711
1712
1716
1717
1718
1719
1720
1721
1722
1723
1724
1725
1726
1728
1729
1730
1734
1736
1737
1738
1739
1742
1743
1750
1751
1756
1757
1758
1761
1762
1763
1764
1766
1767
1768
1770
1771
1775
1776
1777
1778
1779
1780
1782
1783
1786
1787
1788
1789
1793
1795
1798
1799
1801
1802
1803
1805
1807
1808
1810
1811
1812
1813
1814
1815
